296190,
274197,
29968445,
2068138,
141707,
1861068,
4904351,
420748,
856062,
199197,
208934,
26253177,
1495169,
4180213,
1057056,
1953860,
3221831,
630356,
241466,
4152527,
2022886,
462658,
351064,
398575,
124286,
118312,
782695,
9910169,
369512,
302173,
2580498,
16730,
4562420,
2279060,
271960,
16502149,
1701116,
322386,
300697,
11315169,
60663,
6727283,
291427,
2292993,
1271874,
2332671,
2233642,
944515,
236295,
144968,
17474,
5042148,
146393,
925075,
308413,
1250904,
13245797,
1038649,
2795582,
52701120,
335414,
17775636,
670089,
20216802,
12132385,
956458,
2863526,
119571,
20615392,
1385523,
681528,
1402458,
120536,
3188585,
2323997,
1121186,
3333956,
24229,
1887081,
31037,
483294,
10286205,
1230816,
1319725,
23510416,
330740,
461610,
840950,
3787492,
25410620,
4282725,
8721372,
11107858,
1716289,
1642029,
1452676,
5107465,
31024,
57692636,
92175208
